94
1510, 33
  0 0 9 9
! 2 11 19 8
" 2 21 34 13
# 0 34 51 17
$ 1 52 69 17
% 0 69 93 24
& 0 93 112 19
' 2 114 122 8
( 2 124 136 12
) 1 137 149 12
* 0 149 162 13
+ 1 163 180 17
, 2 182 190 8
- 0 190 200 10
. 2 202 210 8
/ 0 210 224 14
0 1 225 242 17
1 3 245 262 17
2 2 264 281 17
3 2 283 300 17
4 1 301 318 17
5 2 320 337 17
6 2 339 356 17
7 1 357 374 17
8 1 375 392 17
9 1 393 410 17
: 2 412 420 8
; 2 422 430 8
< 1 431 448 17
= 1 449 466 17
> 1 467 484 17
? 1 485 500 15
@ 1 501 524 23
A 0 524 543 19
B 1 544 561 17
C 1 562 579 17
D 1 580 598 18
E 1 599 614 15
F 1 615 629 14
G 1 630 648 18
H 1 649 667 18
I 1 668 674 6
J 0 674 687 13
K 1 688 705 17
L 1 706 721 15
M 1 722 742 20
N 1 743 761 18
O 1 762 781 19
P 1 782 797 15
Q 1 798 817 19
R 1 818 834 16
S 1 835 851 16
T 0 851 868 17
U 1 869 886 17
V 0 886 905 19
W 0 905 930 25
X 0 930 946 16
Y 0 946 962 16
Z 0 962 977 15
[ 2 979 991 12
\ 0 991 1005 14
] 2 1007 1019 12
^ 1 1020 1037 17
_ 0 1037 1054 17
` 3 1057 1072 15
a 1 1073 1087 14
b 1 1088 1104 16
c 1 1105 1119 14
d 1 1120 1136 16
e 1 1137 1152 15
f 1 1153 1163 10
g 1 1164 1180 16
h 1 1181 1196 15
i 1 1197 1203 6
j -2 1205 1212 7
k 1 1213 1227 14
l 1 1228 1234 6
m 1 1235 1258 23
n 1 1259 1274 15
o 1 1275 1291 16
p 1 1292 1308 16
q 1 1309 1325 16
r 1 1326 1336 10
s 0 1336 1349 13
t 0 1349 1361 12
u 1 1362 1377 15
v 0 1377 1392 15
w 0 1392 1412 20
x 0 1412 1426 14
y 0 1426 1441 15
z 1 1442 1456 14
{ 2 1458 1470 12
| 2 1472 1478 6
} 2 1480 1492 12
