94
737, 17
  0 0 4 4
! 1 5 9 4
" 1 10 17 7
# 0 17 26 9
$ 0 26 35 9
% 0 35 47 12
& 0 47 56 9
' 1 57 61 4
( 1 62 68 6
) 0 68 74 6
* 0 74 81 7
+ 0 81 90 9
, 1 91 95 4
- 0 95 100 5
. 1 101 105 4
/ 0 105 112 7
0 0 112 121 9
1 1 122 131 9
2 1 132 141 9
3 1 142 151 9
4 0 151 160 9
5 1 161 170 9
6 1 171 180 9
7 0 180 189 9
8 0 189 198 9
9 0 198 207 9
: 1 208 212 4
; 1 213 217 4
< 0 217 226 9
= 0 226 235 9
> 0 235 244 9
? 0 244 251 7
@ 0 251 262 11
A 0 262 271 9
B 0 271 279 8
C 0 279 287 8
D 0 287 296 9
E 0 296 303 7
F 0 303 310 7
G 0 310 319 9
H 0 319 328 9
I 0 328 331 3
J 0 331 337 6
K 0 337 346 9
L 0 346 354 8
M 0 354 364 10
N 0 364 373 9
O 0 373 383 10
P 0 383 391 8
Q 0 391 401 10
R 0 401 409 8
S 0 409 417 8
T 0 417 425 8
U 0 425 434 9
V 0 434 443 9
W 0 443 455 12
X 0 455 463 8
Y 0 463 471 8
Z 0 471 478 7
[ 1 479 485 6
\ 0 485 492 7
] 1 493 499 6
^ 0 499 508 9
_ 0 508 517 9
` 1 518 526 8
a 0 526 533 7
b 0 533 541 8
c 0 541 548 7
d 0 548 556 8
e 0 556 563 7
f 0 563 568 5
g 0 568 576 8
h 0 576 584 8
i 0 584 587 3
j -1 588 592 4
k 0 592 599 7
l 0 599 602 3
m 0 602 614 12
n 0 614 622 8
o 0 622 630 8
p 0 630 638 8
q 0 638 646 8
r 0 646 651 5
s 0 651 658 7
t 0 658 664 6
u 0 664 672 8
v 0 672 679 7
w 0 679 689 10
x 0 689 696 7
y 0 696 703 7
z 0 703 710 7
{ 1 711 717 6
| 1 718 721 3
} 1 722 728 6
