94
748, 17
  0 0 7 7
! 2 9 16 7
" 1 17 24 7
# 0 24 31 7
$ 1 32 39 7
% 0 39 46 7
& 0 46 53 7
' 2 55 62 7
( 2 64 71 7
) 1 72 79 7
* 0 79 86 7
+ 1 87 94 7
, 2 96 103 7
- 1 104 111 7
. 2 113 120 7
/ 1 121 128 7
0 1 129 136 7
1 1 137 144 7
2 1 145 152 7
3 1 153 160 7
4 1 161 168 7
5 1 169 176 7
6 1 177 184 7
7 1 185 192 7
8 1 193 200 7
9 1 201 208 7
: 2 210 217 7
; 2 219 226 7
< 1 227 234 7
= 1 235 242 7
> 1 243 250 7
? 0 250 257 7
@ 0 257 264 7
A 0 264 271 7
B 1 272 279 7
C 1 280 287 7
D 1 288 295 7
E 1 296 303 7
F 1 304 311 7
G 1 312 319 7
H 1 320 327 7
I 1 328 335 7
J 0 335 342 7
K 1 343 350 7
L 1 351 358 7
M 0 358 365 7
N 1 366 373 7
O 1 374 381 7
P 1 382 389 7
Q 1 390 397 7
R 1 398 405 7
S 0 405 412 7
T 0 412 419 7
U 1 420 427 7
V 0 427 434 7
W 0 434 441 7
X 0 441 448 7
Y 0 448 455 7
Z 1 456 463 7
[ 2 465 472 7
\ 1 473 480 7
] 1 481 488 7
^ 0 488 495 7
_ 1 496 503 7
` 1 504 511 7
a 1 512 519 7
b 1 520 527 7
c 1 528 535 7
d 1 536 543 7
e 1 544 551 7
f 1 552 559 7
g 0 559 566 7
h 1 567 574 7
i 1 575 582 7
j 1 583 590 7
k 1 591 598 7
l 1 599 606 7
m 0 606 613 7
n 1 614 621 7
o 1 622 629 7
p 1 630 637 7
q 1 638 645 7
r 1 646 653 7
s 1 654 661 7
t 1 662 669 7
u 1 670 677 7
v 1 678 685 7
w 0 685 692 7
x 1 693 700 7
y 1 701 708 7
z 1 709 716 7
{ 0 716 723 7
| 3 726 733 7
} 1 734 741 7
