94
1617, 34
  0 0 15 15
! 5 20 35 15
" 2 37 52 15
# 1 53 68 15
$ 2 70 85 15
% 0 85 100 15
& 1 101 116 15
' 5 121 136 15
( 4 140 155 15
) 3 158 173 15
* 1 174 189 15
+ 2 191 206 15
, 4 210 225 15
- 2 227 242 15
. 5 247 262 15
/ 2 264 279 15
0 2 281 296 15
1 2 298 313 15
2 2 315 330 15
3 1 331 346 15
4 1 347 362 15
5 1 363 378 15
6 2 380 395 15
7 2 397 412 15
8 2 414 429 15
9 2 431 446 15
: 5 451 466 15
; 4 470 485 15
< 2 487 502 15
= 2 504 519 15
> 2 521 536 15
? 1 537 552 15
@ 1 553 568 15
A 1 569 584 15
B 2 586 601 15
C 2 603 618 15
D 2 620 635 15
E 2 637 652 15
F 2 654 669 15
G 2 671 686 15
H 2 688 703 15
I 2 705 720 15
J 1 721 736 15
K 2 738 753 15
L 3 756 771 15
M 1 772 787 15
N 2 789 804 15
O 2 806 821 15
P 2 823 838 15
Q 2 840 855 15
R 2 857 872 15
S 1 873 888 15
T 1 889 904 15
U 2 906 921 15
V 1 922 937 15
W 1 938 953 15
X 1 954 969 15
Y 1 970 985 15
Z 2 987 1002 15
[ 4 1006 1021 15
\ 2 1023 1038 15
] 3 1041 1056 15
^ 1 1057 1072 15
_ 2 1074 1089 15
` 3 1092 1107 15
a 1 1108 1123 15
b 2 1125 1140 15
c 2 1142 1157 15
d 2 1159 1174 15
e 2 1176 1191 15
f 2 1193 1208 15
g 1 1209 1224 15
h 2 1226 1241 15
i 2 1243 1258 15
j 2 1260 1275 15
k 3 1278 1293 15
l 2 1295 1310 15
m 1 1311 1326 15
n 2 1328 1343 15
o 2 1345 1360 15
p 2 1362 1377 15
q 2 1379 1394 15
r 3 1397 1412 15
s 2 1414 1429 15
t 2 1431 1446 15
u 2 1448 1463 15
v 2 1465 1480 15
w 1 1481 1496 15
x 2 1498 1513 15
y 1 1514 1529 15
z 2 1531 1546 15
{ 1 1547 1562 15
| 6 1568 1583 15
} 3 1586 1601 15
